0/99	2.03G	0.04748	0.009649	0.04133	0.09845	20	416	0.01168	0.402	0.012	0.005846	0.0857	0.01227	0.05885
1/99	2.09G	0.02617	0.009683	0.03779	0.07364	14	416	0.01425	0.3176	0.0139	0.008353	0.0837	0.009759	0.06002
2/99	2.09G	0.02137	0.009013	0.03786	0.06825	6	416	0.01603	0.2649	0.01612	0.01219	0.07476	0.0096	0.05843
3/99	2.09G	0.01787	0.008833	0.03784	0.06454	16	416	0.02141	0.2692	0.02033	0.01593	0.06693	0.01173	0.05785
4/99	2.09G	0.0187	0.01055	0.0386	0.06785	13	416	0.01961	0.3188	0.01966	0.01457	0.06254	0.009643	0.05652
5/99	2.09G	0.01657	0.009829	0.03797	0.06436	6	416	0.03573	0.334	0.04118	0.03287	0.05996	0.008714	0.05669
6/99	2.09G	0.0154	0.009554	0.03675	0.0617	9	416	0.04353	0.4346	0.05853	0.04855	0.05921	0.008008	0.0564
7/99	2.09G	0.01466	0.009348	0.03573	0.05974	20	416	0.06019	0.442	0.08573	0.07124	0.05904	0.007985	0.0549
8/99	2.09G	0.01645	0.009038	0.03563	0.06112	7	416	0.06421	0.6334	0.1038	0.08599	0.05899	0.007723	0.05525
9/99	2.09G	0.01443	0.008882	0.03424	0.05755	16	416	0.08761	0.6435	0.1426	0.1197	0.05858	0.007578	0.05448
10/99	2.09G	0.01455	0.008714	0.03318	0.05644	18	416	0.1145	0.5422	0.1879	0.1602	0.05829	0.007518	0.05204
11/99	2.09G	0.01643	0.008629	0.03206	0.05712	15	416	0.1422	0.5705	0.2217	0.1888	0.05857	0.007689	0.04975
12/99	2.09G	0.01501	0.008471	0.02974	0.05322	14	416	0.2065	0.5168	0.2726	0.2311	0.05858	0.007426	0.04866
13/99	2.09G	0.01582	0.008329	0.02812	0.05226	13	416	0.267	0.6082	0.3364	0.287	0.05868	0.007609	0.04785
14/99	2.09G	0.01597	0.008162	0.02607	0.0502	10	416	0.2989	0.6708	0.3723	0.3203	0.05887	0.007542	0.04621
15/99	2.09G	0.01571	0.008191	0.02376	0.04767	14	416	0.3309	0.7081	0.412	0.3526	0.05859	0.007396	0.04485
16/99	2.09G	0.01526	0.008087	0.0218	0.04515	8	416	0.3555	0.7782	0.4496	0.3902	0.0585	0.007177	0.04384
17/99	2.09G	0.01583	0.007865	0.02042	0.04411	12	416	0.4023	0.7593	0.4926	0.4261	0.05838	0.007338	0.04276
18/99	2.09G	0.01594	0.007816	0.01883	0.0426	10	416	0.449	0.8199	0.5537	0.4811	0.05824	0.007322	0.04218
19/99	2.09G	0.01587	0.007691	0.0174	0.04096	16	416	0.4776	0.8687	0.5965	0.5185	0.05857	0.007096	0.04154
20/99	2.09G	0.01571	0.007607	0.01602	0.03933	8	416	0.5189	0.8597	0.6356	0.551	0.05876	0.007226	0.04044
21/99	2.09G	0.01671	0.007664	0.01503	0.0394	7	416	0.541	0.8899	0.6729	0.5802	0.05884	0.007083	0.04002
22/99	2.09G	0.01636	0.007636	0.01381	0.0378	18	416	0.5892	0.8689	0.7005	0.6117	0.05806	0.007128	0.04022
23/99	2.09G	0.01609	0.007525	0.0126	0.03621	9	416	0.6177	0.8552	0.7409	0.642	0.05922	0.007084	0.03863
24/99	2.09G	0.01651	0.007493	0.01176	0.03576	11	416	0.6728	0.8533	0.7805	0.6806	0.05829	0.007125	0.03827
25/99	2.09G	0.01627	0.007451	0.01085	0.03457	13	416	0.7229	0.8588	0.8193	0.716	0.05819	0.007288	0.03858
26/99	2.09G	0.01727	0.007238	0.01057	0.03508	15	416	0.7639	0.8681	0.8487	0.7369	0.05826	0.007259	0.0374
27/99	2.09G	0.01744	0.007201	0.009979	0.03462	8	416	0.7936	0.8912	0.8816	0.7721	0.05818	0.007155	0.0371
28/99	2.09G	0.01632	0.007112	0.009098	0.03253	14	416	0.8414	0.9022	0.9137	0.8062	0.05823	0.007269	0.03666
29/99	2.09G	0.01634	0.007013	0.008617	0.03197	9	416	0.8504	0.9267	0.9363	0.8229	0.05813	0.00731	0.03642
30/99	2.09G	0.01663	0.006952	0.008256	0.03183	6	416	0.8789	0.9288	0.9456	0.8325	0.05812	0.007493	0.03579
31/99	2.09G	0.01602	0.006802	0.007727	0.03055	10	416	0.915	0.934	0.9629	0.8481	0.05831	0.007614	0.03551
32/99	2.09G	0.01563	0.006778	0.007299	0.02971	19	416	0.9191	0.9533	0.9694	0.8551	0.05803	0.007718	0.03541
33/99	2.09G	0.01659	0.006633	0.007471	0.03069	10	416	0.9285	0.9547	0.9707	0.8585	0.05789	0.007849	0.03462
34/99	2.09G	0.01606	0.006645	0.0071	0.02981	20	416	0.9368	0.9608	0.975	0.8637	0.05781	0.007867	0.03452
35/99	2.09G	0.01659	0.006482	0.007031	0.03011	22	416	0.9427	0.9685	0.9758	0.8677	0.05787	0.008083	0.03443
36/99	2.09G	0.01637	0.006398	0.006942	0.02971	8	416	0.9447	0.9726	0.9779	0.8683	0.05783	0.00814	0.03387
37/99	2.09G	0.01442	0.006393	0.006126	0.02694	13	416	0.9458	0.9801	0.9789	0.8736	0.05758	0.008289	0.03353
38/99	2.09G	0.01431	0.006245	0.005937	0.02649	10	416	0.945	0.9807	0.9787	0.872	0.05774	0.008416	0.03355
39/99	2.09G	0.01453	0.006169	0.006021	0.02672	18	416	0.9446	0.9851	0.9792	0.8726	0.05778	0.008498	0.03328
40/99	2.09G	0.01481	0.006099	0.006046	0.02696	10	416	0.9503	0.9814	0.9813	0.8782	0.05772	0.008735	0.03304
41/99	2.09G	0.01541	0.006074	0.006024	0.02751	20	416	0.947	0.986	0.9799	0.8762	0.05766	0.008858	0.03288
42/99	2.09G	0.01477	0.006037	0.005863	0.02667	12	416	0.9486	0.9857	0.9801	0.8719	0.05779	0.008964	0.03299
43/99	2.09G	0.01603	0.005996	0.006279	0.0283	10	416	0.9507	0.9861	0.9811	0.8768	0.05762	0.009106	0.03265
44/99	2.09G	0.01483	0.00593	0.005807	0.02656	23	416	0.9515	0.987	0.9816	0.8793	0.05761	0.009242	0.03264
45/99	2.09G	0.01469	0.005861	0.00581	0.02636	24	416	0.9516	0.9866	0.9818	0.8771	0.05777	0.009382	0.0327
46/99	2.09G	0.01448	0.005829	0.005574	0.02588	10	416	0.9547	0.9821	0.982	0.8795	0.05757	0.009361	0.03286
47/99	2.09G	0.01449	0.005832	0.005517	0.02584	14	416	0.9548	0.9851	0.9825	0.8804	0.05759	0.009498	0.03262
48/99	2.09G	0.01432	0.0058	0.00545	0.02557	20	416	0.95	0.9911	0.9818	0.8796	0.05753	0.009544	0.03243
49/99	2.09G	0.0149	0.005711	0.005711	0.02632	8	416	0.9527	0.9883	0.9821	0.8804	0.05745	0.009719	0.03252
50/99	2.09G	0.01601	0.005612	0.00623	0.02785	19	416	0.9524	0.9909	0.9829	0.882	0.05759	0.009789	0.0324
51/99	2.09G	0.01498	0.005534	0.00606	0.02657	17	416	0.9565	0.9859	0.9831	0.8811	0.05765	0.009968	0.03241
52/99	2.09G	0.0159	0.005472	0.006255	0.02762	19	416	0.9519	0.9927	0.9829	0.8822	0.05763	0.01015	0.03244
53/99	2.09G	0.01522	0.005399	0.006169	0.02679	19	416	0.9523	0.9908	0.982	0.8804	0.0577	0.01033	0.03229
54/99	2.09G	0.01632	0.005338	0.006454	0.02811	15	416	0.9508	0.9934	0.9819	0.8817	0.05771	0.01053	0.0322
55/99	2.09G	0.01664	0.005296	0.006693	0.02862	18	416	0.9545	0.9877	0.9822	0.8829	0.05774	0.01064	0.03215
56/99	2.09G	0.01571	0.005216	0.006419	0.02735	9	416	0.9541	0.9891	0.9822	0.8834	0.0577	0.01076	0.03207
57/99	2.09G	0.01713	0.005217	0.007554	0.0299	11	416	0.9537	0.9906	0.9825	0.8848	0.0577	0.01094	0.03191
58/99	2.09G	0.01717	0.005207	0.007918	0.03029	12	416	0.951	0.9948	0.9821	0.8858	0.05774	0.0111	0.0318
59/99	2.09G	0.01851	0.005093	0.008347	0.03195	12	416	0.9527	0.9923	0.9822	0.8843	0.05795	0.01131	0.03168
60/99	2.09G	0.0188	0.005049	0.008463	0.03232	13	416	0.9519	0.9933	0.9821	0.8839	0.05807	0.01142	0.03161
61/99	2.09G	0.01843	0.0051	0.008569	0.0321	6	416	0.9514	0.9935	0.982	0.8835	0.0581	0.01151	0.03157
62/99	2.09G	0.01912	0.005102	0.008696	0.03292	16	416	0.9512	0.9929	0.9821	0.8843	0.05812	0.01165	0.03153
63/99	2.09G	0.01774	0.004878	0.007868	0.03049	14	416	0.9511	0.994	0.9823	0.8854	0.05812	0.01178	0.03147
64/99	2.09G	0.0183	0.004952	0.008247	0.0315	14	416	0.9503	0.9949	0.9822	0.885	0.05816	0.01183	0.03142
65/99	2.09G	0.01927	0.004923	0.00856	0.03275	14	416	0.9506	0.9943	0.9821	0.8857	0.05818	0.01193	0.03138
66/99	2.09G	0.01833	0.004851	0.008116	0.0313	8	416	0.95	0.9945	0.982	0.8861	0.05817	0.01202	0.03135
67/99	2.09G	0.01695	0.004839	0.007574	0.02936	5	416	0.9494	0.9958	0.982	0.8861	0.05816	0.01209	0.03132
68/99	2.09G	0.01702	0.004777	0.007582	0.02938	11	416	0.9506	0.9937	0.982	0.8861	0.05817	0.01216	0.03129
69/99	2.09G	0.01818	0.004763	0.007672	0.03062	12	416	0.9502	0.9945	0.982	0.8861	0.05817	0.01222	0.03128
70/99	2.09G	0.01739	0.00471	0.007416	0.02952	13	416	0.9497	0.9951	0.9819	0.8861	0.05815	0.01229	0.03125
71/99	2.09G	0.01689	0.004619	0.007217	0.02872	10	416	0.9506	0.9936	0.9818	0.8861	0.05815	0.01235	0.03122
72/99	2.09G	0.01709	0.004662	0.007401	0.02916	14	416	0.9503	0.994	0.9818	0.8861	0.05817	0.01241	0.0312
73/99	2.09G	0.0172	0.004586	0.007404	0.02919	7	416	0.9501	0.9938	0.9818	0.8872	0.05815	0.01245	0.03118
74/99	2.09G	0.01707	0.004572	0.007675	0.02932	14	416	0.9497	0.9945	0.9819	0.8876	0.05814	0.01251	0.03116
75/99	2.09G	0.01733	0.004508	0.007491	0.02933	14	416	0.9516	0.9919	0.982	0.8878	0.05813	0.01257	0.03113
76/99	2.09G	0.01646	0.004544	0.007155	0.02816	14	416	0.9506	0.9937	0.9821	0.888	0.05811	0.01263	0.03111
77/99	2.09G	0.01686	0.004477	0.007025	0.02836	22	416	0.9523	0.9912	0.9821	0.888	0.0581	0.01268	0.03108
78/99	2.09G	0.01545	0.004416	0.00644	0.02631	19	416	0.9507	0.9939	0.9822	0.8884	0.0581	0.01275	0.03106
79/99	2.09G	0.01674	0.004376	0.006756	0.02787	10	416	0.9511	0.9938	0.9822	0.8886	0.05809	0.01281	0.03104
80/99	2.09G	0.01674	0.004368	0.006667	0.02777	9	416	0.9512	0.9937	0.9823	0.8886	0.05809	0.01286	0.03102
81/99	2.09G	0.01615	0.004332	0.006709	0.02719	18	416	0.951	0.994	0.9824	0.8886	0.05809	0.01288	0.03099
82/99	2.09G	0.01556	0.004298	0.006446	0.02631	5	416	0.9543	0.9887	0.9825	0.8886	0.0581	0.01293	0.03097
83/99	2.09G	0.01629	0.004254	0.006542	0.02709	28	416	0.9512	0.994	0.9826	0.8886	0.0581	0.01297	0.03095
84/99	2.09G	0.01592	0.00428	0.006595	0.0268	16	416	0.9529	0.9912	0.9827	0.889	0.0581	0.01302	0.03093
85/99	2.09G	0.01565	0.004247	0.006348	0.02625	18	416	0.9538	0.9901	0.9827	0.889	0.0581	0.01307	0.03092
86/99	2.09G	0.01615	0.004153	0.00642	0.02672	10	416	0.9536	0.9905	0.9827	0.8891	0.05809	0.01312	0.03091
87/99	2.09G	0.01564	0.004169	0.006212	0.02602	6	416	0.9534	0.9909	0.9828	0.8892	0.05809	0.01316	0.0309
88/99	2.09G	0.01478	0.004178	0.006127	0.02508	20	416	0.9546	0.9892	0.9829	0.8894	0.05809	0.01322	0.03089
89/99	2.09G	0.01479	0.004148	0.006062	0.025	30	416	0.9537	0.9907	0.9829	0.8894	0.05808	0.01327	0.03087
90/99	2.09G	0.01575	0.004155	0.00652	0.02643	35	416	0.9538	0.9909	0.983	0.8896	0.05808	0.01332	0.03085
91/99	2.09G	0.01506	0.004088	0.005986	0.02514	5	416	0.9545	0.9902	0.983	0.8897	0.05808	0.01337	0.03084
92/99	2.09G	0.0145	0.004135	0.005852	0.02449	7	416	0.954	0.9911	0.9831	0.8899	0.05808	0.01343	0.03082
93/99	2.09G	0.01494	0.004032	0.005928	0.0249	7	416	0.9545	0.9906	0.9831	0.8899	0.05808	0.01348	0.03081
94/99	2.09G	0.01501	0.004012	0.005913	0.02494	8	416	0.9549	0.9904	0.9832	0.8902	0.05808	0.01352	0.03079
95/99	2.09G	0.01543	0.00405	0.006237	0.02572	10	416	0.954	0.9917	0.9832	0.8904	0.05808	0.01358	0.03078
96/99	2.09G	0.01439	0.003994	0.005827	0.02421	15	416	0.9551	0.99	0.9833	0.8905	0.05808	0.01363	0.03077
97/99	2.09G	0.01465	0.003993	0.005752	0.0244	14	416	0.9553	0.9899	0.9833	0.8904	0.05808	0.01367	0.03075
98/99	2.09G	0.01471	0.004004	0.005692	0.0244	21	416	0.9555	0.9897	0.9834	0.8905	0.05808	0.01373	0.03074
99/99	2.09G	0.01468	0.003998	0.005856	0.02454	21	416	0.9557	0.9896	0.9834	0.8908	0.05808	0.01378	0.03072
